#' Complete list of palettes
#'
#'
#'
#' @export

teams <- list(
  # American
  "Cincinnati" = c("#000000", "#E2001D"),
  "East Carolina" = c("#582884", "#FFD80E"),
  "Houston" = c("#C8102E", "#FFFFFF"),
  "Memphis" = c("#074389", "#9FA1A2"),
  "Navy" = c("#002058", "#D2C38D"),
  "SMU" = c("#E80132", "#002E9F"),
  "South Florida" = c("#00392A", "#C3B163"),
  "Temple" = c("#940031", "#FFFFFF", "#000000"),
  "Tulane" = c("#005834", "#FFFFFF","#01A5D8"),
  "Tulsa" = c("#002F67", "#A59C68"),
  "UCF" = c("#B9A569", "#000000"),
  # ACC
  "Boston College" = c("#8E1C2F", "#DCCEA6"),
  "Clemson" = c("#F56700", "#FFFFFF", "#3B1E72"),
  "Duke" = c("#092F87", "#FFFFFF"),
  "Florida State" = c("#782F40", "#CFB988", "#FFFFFF"),
  "Georgia Tech" = c("#002C56", "#A5805A"),
  "Louisville" = c("#CA0019", "#000000", "#FEBB0C"),
  "Miami" = c("#E95700", "#FFFFFF", "#004E2E"),
  "NC State" = c("#CD0000", "#000000", "#FFFFFF"),
  "North Carolina" = c("#77A9CE", "#FFFFFF", "#112849"),
  "Notre Dame" = c("#011142", "#9D8839", "#01873B"),
  "Pittsburgh" = c("#003295", "#FFBA15"),
  "Syracuse" = c("#F14F23", "#FFFFFF", "#091F40"),
  "Virginia" = c("#232B42", "#FC5A1D"),
  "Virginia Tech" = c("#6E2A3D", "#D74B29", "#FFFFFF"),
  "Wake Forest" = c("#000000", "#D0BA89"),
  # Big 12
  "Baylor" = c("#004834", "#FEBB30"),
  "Iowa State" = c("#960023", "#F9AE0D"),
  "Kansas" = c("#0051BC", "#000000", "#E90004"),
  "Kansas State" = c("#512888", "#FFFFFF", "#D1D1D1"),
  "Oklahoma" = c("#890002", "#FFFFFF"),
  "Oklahoma State" = c("#FF5C00", "#000000"),
  "TCU" = c("#4F2683", "#E6E7E8", "#000000"),
  "Texas" = c("#B44E2D", "#FFFFFF"),
  "Texas Tech" = c("#000000", "#CD0000", "#FFFFFF"),
  "West Virginia" = c("#012753", "#E8AD1C"),
  # B1G
  "Illinois" = c("#E94B37", "#14284B", "#FFFFFF"),
  "Indiana" = c("#990100", "#FFFFFF"),
  "Iowa" = c("#000000", "#F4CA16"),
  "Maryland" = c("#E31130", "#FFD300", "#000000"),
  "Michigan State" = c("#18453B", "#FFFFFF"),
  "Michigan" = c("#00274A", "#FFCF07"),
  "Minnesota" = c("#5F102E", "#FDC325"),
  "Nebraska" = c("#DD1B36", "#FFFFFF"),
  "Northwestern" = c("#59088F", "#FFFFFF", "#000000"),
  "Ohio State" = c("#BA0000", "#666666", "#000000"),
  "Penn State" = c("#002E62", "#FFFFFF"),
  "Purdue" = c("#000000", "#B2946B","#848B8E"),
  "Rutgers" = c("#D00829", "#FFFFFF", "#000000"),
  "Wisconsin" = c("#B40024", "#FFFFFF", "#000000"),
  # Conference USA
  "Charlotte" = c("#006A3E", "#FFFFFF", "#9C8847"),
  "Florida Atlantic" = c("#CD0000", "#FFFFFF", "#002F67"),
  "Florida International" = c("#081E3F", "#B6862D"),
  "Louisiana Tech" = c("#002D88", "#FFFFFF", "#CC3039"),
  "Marshall" = c("#046330", "#000000"),
  "Middle Tennessee" = c("#0067A4", "#FFFFFF", "#D2D5D8"),
  "North Texas" = c("#00853E", "#FFFFFF"),
  "Old Dominion" = c("#003769", "#FFFFFF", "#959CA1"),
  "Rice" = c("#091C5B", "#FFFFFF", "#B3B3B3"),
  "Southern Mississippi" = c("#030003", "#FFC527", "#FFFFFF"),
  "UAB" = c("#007149", "#161111", "#D0C781", "#D91D40"),
  "UTEP" = c("#041E42", "#FF8201", "#FFFFFF", "#B1B3B3"),
  "UTSA" = c("#002344", "#FFFFFF", "#E46B2B"),
  "Western Kentucky" = c("#C4013C", "#FFFFFF", "#000000"),
  # FBS Independents
  "Army" = c("#18191D", "#D8BA8A"),
  "BYU" = c("#001C54", "#FFFFFF", "#003EB1"),
  "Liberty" = c("#092643", "#FFFFFF", "#9A0000"),
  "New Mexico State" = c("#8B090E", "#FFFFFF", "#000000"),
  "UConn" = c("#0B2240", "#FFFFFF", "#A1A8AD","#EB092A"),
  "UMass" = c("#A50C31", "#FFFFFF", "#000000", "#D7D7D7"),
  # Mid-American
  "Akron" = c("#00275F", "#FFFFFF", "#948C76"),
  "Ball State" = c("#BA0C2F", "#FFFFFF", "#000000"),
  "Bowling Green" = c("#F15C26", "#542E1C", "#FFFFFF"),
  "Buffalo" = c("#005BBB", "#FFFFFF", "#000000"),
  "Central Michigan" = c("#4B0124", "#FEAF30", "#FFFFFF"),
  "Eastern Michigan" = c("#0F6838", "#FFFFFF", "#A8ADAD"),
  "Kent State" = c("#1E3C72", "#ECAA23", "#FFFFFF"),
  "Miami (OH)" = c("#D40124", "#FFFFFF", "#9BA3AA"),
  "Northern Illinois" = c("#000000", "#FFFFFF", "#BA0C2F"),
  "Ohio" = c("#006A4D", "#FFFFFF", "#000000", "#E5BD87"),
  "Toledo" = c("#002047", "#FFCE04", "#FFFFFF"),
  "Western Michigan" = c("#6D4022", "#000000", "#FFFFFF", "#B8A46A"),
  # Mountain West
  "Air Force" = c("#005DAB", "#FFFFFF", "#C5C5C5"),
  "Boise State" = c("#002FA2", "#FB440F", "#FFFFFF"),
  "Colorado State" = c("#184C27", "#FFFFFF","#C9C573"),
  "Fresno State" = c("#D12130", "#FFFFFF", "#14284D"),
  "Hawaii" = c("#00632C", "#B8B8B8", "#FFFFFF", "#000000"),
  "Nevada" = c("#021D42", "#FFFFFF", "#A8ADB4"),
  "New Mexico" = c("#BC032C", "#FFFFFF", "#A1A2A4", "#000000"),
  "San Diego State" = c("#C41230", "#FFFFFF", "#000000"),
  "San Jose State" = c("#0035AA", "#FFFFFF", "#FFBA12"),
  "UNLV" = c("#000000", "#E61A38", "#959CA1"),
  "Utah State" = c("#113257", "#FFFFFF", "#ACAAA5"),
  "Wyoming" = c("#533528", "#FEC524", "#FFFFFF"),
  # Pac-12
  "Arizona State" = c("#7A0C2F", "#000000", "#FFC422"),
  "Arizona" = c("#001B5C", "#FFFFFF", "#C2002C"),
  "California" = c("#02264A", "#F5C035", "#FFFFFF"),
  "Colorado" = c("#000000", "#D0B87D", "#FFFFFF"),
  "Oregon" = c("#004F28", "#FFF000", "#B2B7BB"),
  "Oregon State" = c("#000000", "#DD4200", "#FFFFFF"),
  "Stanford" = c("#8D1515", "#FFFFFF", "#007762"),
  "UCLA" = c("#007EC3", "#FDB827", "#FFFFFF"),
  "USC" = c("#951D32", "#FFC828", "#FFFFFF"),
  "Utah" = c("#CD0000", "#FFFFFF", "#000000"),
  "Washington" = c("#2F0067", "#FFFFFF", "#E9D5A3"),
  "Washington State" = c("#991E32", "#FFFFFF", "#5F6A71"),
  # SEC
  "Alabama" = c("#A8042D", "#FFFFFF", "#CACACA"),
  "Arkansas" = c("#A51E37", "#FFFFFF", "#000000"),
  "Auburn" = c("#001F4C", "#FFFFFF", "#FF6402"),
  "Florida" = c("#002D88", "#FFFFFF", "#FB440F"),
  "Georgia" = c("#D80100", "#FFFFFF", "#000000"),
  "Kentucky" = c("#002FA2", "#FFFFFF"),
  "LSU" = c("#4E2784", "#FFC324", "#FFFFFF"),
  "Mississippi State" = c("#5D1020", "#FFFFFF", "#C3C8C9"),
  "Missouri" = c("#000000", "#F1BA29", "#FFFFFF"),
  "Ole Miss" = c("#13213C", "#CC1130", "#FFFFFF"),
  "South Carolina" = c("#21201E", "#76000C", "#FFFFFF"),
  "Tennessee" = c("#F77E02", "#FFFFFF"),
  "Texas A&M" = c("#500000", "#FFFFFF", "#B1B3B6"),
  "Vanderbilt" = c("#000000", "#D0BA89", "#FFFFFF"),
  # Sun Belt
  "Appalachian State" = c("#000000", "#FFD205", "#FFFFFF"),
  "Arkansas State" = c("#000000", "#D02130", "#FFFFFF"),
  "Coastal Carolina" = c("#000000", "#006F72", "#FFFFFF", "#A27752"),
  "Georgia Southern" = c("#00183F", "#FFFFFF", "#9DA3A7", "#89714C"),
  "Georgia State" = c("#0133A0", "#FFFFFF", "#CD112C"),
  "Louisiana" = c("#FFFFFF", "#D2152A", "#000000"),
  "South Alabama" = c("#00205C", "#FFFFFF", "#BF0D3E"),
  "Texas State" = c("#571C1F", "#AD9256"),
  "Troy" = c("#6D0017", "#FFFFFF", "#B4B5B9"),
  "UL Monroe" = c("#810028", "#FFFFFF", "#F6B312")

)

#' Generate NCAA football team color palettes
#'
#' Return colors for a specific team.
#'
#'@param team_name Character string of school name
#'@param n Numeric indicating number of colors returned; defaults to all
#'
#' @export

team_colors <- function(team_name, n = length(palette)){

  palette <- teams[[team_name]]

  if(is.null(palette)){
    stop("Team not found. Refer to names(teams) to see team abbreviations.")
  }

  if(n > length(palette)){
    stop("Number of requested colors greater than colors available.")
  }

  out <- palette[1:n]

  structure(out, class = "palette", name = team_name)
}

#' @export
#' @importFrom graphics rect par image text
#' @importFrom grDevices rgb
print.palette <- function(x, ...) {
  n <- length(x)
  old <- par(mar = c(0.5, 0.5, 0.5, 0.5))
  on.exit(par(old))

  image(1:n, 1, as.matrix(1:n), col = x,
        ylab = "", xaxt = "n", yaxt = "n", bty = "n")

  rect(0, 0.9, n + 1, 1.1, col = rgb(1, 1, 1, 0.8), border = NA)
  text((n + 1) / 2, 1, labels = attr(x, "name"), cex = 2, col = "#32373D")
}
